2	12	1
2	36	1
2	83	1
2	84	2
2	90	1
2	93	9
2	110	1
2	117	1
2	135	1
2	142	1
2	157	1
2	162	1
2	164	1
2	170	1
2	175	1
2	184	1
2	189	9
3	7	1
3	12	1
3	14	1
3	19	4
3	25	2
3	32	1
3	36	5
3	44	1
3	56	2
3	60	1
3	64	1
3	68	1
3	78	1
3	83	7
3	84	3
3	86	4
3	87	3
3	91	4
3	93	21
3	96	1
3	97	1
3	110	2
3	122	1
3	126	1
3	129	1
3	132	2
3	135	1
3	141	1
3	142	1
3	143	1
3	144	1
3	146	1
3	148	2
3	157	1
3	161	1
3	163	1
3	170	4
3	175	3
3	179	1
3	183	2
3	184	5
3	189	21
7	12	40
7	13	2
7	17	2
7	19	8
7	21	1
7	25	44
7	27	6
7	30	2
7	32	15
7	35	3
7	36	22
7	39	4
7	42	1
7	44	27
7	45	1
7	46	1
7	47	31
7	49	8
7	55	1
7	56	1
7	59	4
7	60	3
7	62	1
7	63	2
7	64	38
7	68	39
7	69	1
7	70	1
7	78	4
7	81	10
7	83	15
7	84	2
7	86	3
7	88	2
7	90	1
7	91	35
7	93	67
7	96	1
7	101	3
7	102	1
7	109	1
7	110	3
7	114	39
7	122	2
7	123	43
7	126	3
7	132	2
7	135	1
7	141	7
7	142	7
7	143	36
7	144	27
7	147	21
7	148	12
7	152	5
7	156	1
7	157	8
7	158	4
7	159	25
7	161	8
7	162	11
7	163	45
7	164	5
7	167	16
7	168	16
7	170	15
7	175	9
7	179	5
7	180	3
7	181	3
7	182	19
7	183	56
7	184	57
7	189	65
8	12	8
8	13	7
8	19	1
8	25	1
8	32	8
8	36	8
8	44	1
8	47	7
8	49	1
8	56	1
8	64	9
8	68	10
8	78	1
8	83	7
8	84	1
8	88	1
8	90	8
8	91	9
8	93	10
8	100	1
8	110	5
8	114	6
8	126	1
8	132	1
8	143	6
8	148	8
8	152	2
8	157	1
8	159	9
8	162	8
8	163	8
8	168	1
8	170	7
8	175	5
8	181	7
8	183	2
8	184	10
8	189	10
12	13	30
12	14	1
12	17	27
12	18	1
12	19	34
12	21	2
12	22	1
12	25	88
12	26	15
12	27	4
12	30	51
12	32	81
12	35	26
12	36	221
12	39	15
12	42	4
12	44	31
12	45	4
12	46	5
12	47	62
12	48	2
12	49	20
12	55	5
12	56	20
12	59	10
12	60	6
12	62	8
12	63	20
12	64	110
12	67	3
12	68	125
12	69	4
12	70	16
12	78	78
12	81	14
12	83	164
12	84	117
12	86	20
12	87	2
12	88	26
12	90	23
12	91	110
12	93	607
12	94	4
12	95	2
12	96	6
12	97	5
12	100	6
12	101	1
12	102	5
12	105	2
12	106	2
12	107	1
12	108	1
12	109	5
12	110	154
12	114	56
12	116	4
12	117	14
12	118	3
12	120	15
12	122	11
12	123	83
12	125	5
12	126	65
12	129	10
12	132	18
12	134	1
12	135	24
12	139	10
12	141	8
12	142	113
12	143	49
12	144	41
12	146	4
12	147	29
12	148	41
12	152	28
12	156	8
12	157	146
12	158	4
12	159	42
12	160	6
12	161	29
12	162	196
12	163	114
12	164	29
12	165	5
12	167	34
12	168	64
12	169	3
12	170	174
12	172	1
12	175	168
12	178	3
12	179	23
12	180	4
12	181	8
12	182	28
12	183	193
12	184	226
12	185	6
12	189	608
13	17	4
13	19	12
13	25	6
13	27	2
13	32	18
13	35	6
13	36	33
13	39	1
13	42	3
13	44	3
13	45	1
13	46	2
13	47	20
13	49	3
13	56	4
13	59	2
13	60	1
13	63	2
13	64	26
13	68	28
13	69	2
13	70	3
13	78	2
13	81	3
13	83	26
13	84	6
13	86	3
13	88	5
13	90	12
13	91	26
13	93	61
13	95	1
13	97	1
13	98	1
13	100	1
13	101	1
13	108	1
13	110	12
13	114	10
13	117	1
13	120	5
13	122	2
13	123	8
13	126	4
13	129	1
13	132	2
13	135	4
13	139	1
13	142	6
13	143	16
13	144	3
13	146	1
13	147	1
13	148	19
13	152	12
13	156	1
13	157	3
13	158	1
13	159	16
13	161	5
13	162	24
13	163	23
13	164	1
13	167	7
13	168	6
13	170	19
13	175	9
13	178	2
13	179	2
13	181	7
13	182	1
13	183	15
13	184	36
13	189	60
14	32	1
14	36	4
14	44	1
14	56	1
14	60	1
14	68	1
14	83	1
14	86	5
14	87	1
14	93	6
14	126	1
14	129	1
14	135	3
14	143	1
14	144	1
14	148	3
14	152	1
14	163	1
14	175	1
14	183	1
14	184	1
14	189	6
17	18	1
17	19	4
17	22	6
17	25	8
17	26	9
17	30	6
17	32	6
17	36	50
17	39	3
17	42	1
17	44	1
17	45	1
17	47	1
17	48	3
17	49	5
17	56	16
17	60	3
17	63	2
17	64	3
17	67	1
17	68	5
17	69	3
17	70	3
17	78	22
17	83	40
17	84	49
17	86	12
17	87	1
17	88	1
17	91	3
17	93	138
17	94	3
17	95	10
17	96	1
17	97	1
17	98	2
17	100	5
17	105	1
17	107	4
17	109	3
17	110	50
17	116	1
17	117	14
17	118	1
17	120	21
17	122	21
17	123	5
17	126	4
17	129	2
17	134	2
17	135	26
17	139	4
17	141	1
17	142	25
17	143	2
17	144	1
17	148	7
17	152	11
17	157	26
17	160	1
17	161	4
17	162	34
17	163	1
17	164	22
17	165	4
17	167	8
17	168	11
17	169	1
17	170	26
17	172	1
17	175	43
17	178	1
17	179	4
17	182	2
17	183	17
17	184	35
17	185	1
17	189	138
18	25	1
18	32	2
18	36	3
18	47	2
18	49	1
18	59	1
18	64	3
18	67	2
18	68	2
18	70	1
18	83	3
18	86	2
18	90	1
18	93	7
18	95	2
18	98	2
18	110	1
18	116	1
18	117	1
18	122	1
18	123	2
18	132	1
18	135	2
18	144	1
18	148	3
18	161	1
18	162	3
18	163	1
18	168	1
18	170	1
18	175	1
18	179	1
18	180	1
18	183	3
18	184	2
18	189	7
19	21	2
19	25	38
19	26	1
19	27	5
19	30	1
19	32	32
19	35	10
19	36	65
19	39	14
19	42	4
19	44	9
19	45	1
19	46	3
19	47	13
19	48	1
19	49	10
19	55	3
19	56	4
19	59	3
19	60	2
19	62	1
19	63	9
19	64	64
19	68	63
19	69	2
19	70	11
19	78	38
19	81	16
19	83	20
19	84	8
19	86	5
19	88	6
19	90	2
19	91	60
19	93	158
19	95	1
19	96	3
19	97	6
19	98	1
19	100	2
19	105	3
19	106	1
19	108	1
19	110	10
19	114	10
19	117	2
19	120	3
19	122	3
19	123	31
19	126	7
19	129	3
19	132	39
19	135	4
19	141	3
19	142	6
19	143	9
19	144	8
19	146	1
19	147	9
19	148	27
19	152	9
19	156	2
19	157	31
19	158	4
19	159	20
19	161	10
19	162	54
19	163	56
19	164	6
19	167	21
19	168	16
19	170	32
19	175	9
19	179	5
19	180	1
19	181	2
19	182	3
19	183	78
19	184	77
19	189	158
21	25	2
21	36	2
21	56	2
21	59	1
21	60	1
21	68	2
21	69	1
21	83	1
21	84	1
21	86	1
21	91	2
21	93	5
21	96	1
21	109	1
21	110	2
21	114	1
21	118	1
21	123	1
21	126	2
21	129	1
21	132	2
21	152	1
21	156	1
21	157	1
21	162	1
21	164	1
21	167	1
21	175	1
21	183	3
21	184	2
21	189	5
22	26	2
22	30	6
22	36	4
22	48	1
22	63	1
22	83	3
22	84	5
22	86	3
22	93	12
22	100	3
22	110	3
22	117	3
22	120	9
22	122	6
22	135	2
22	139	1
22	142	2
22	157	2
22	160	1
22	162	3
22	164	3
22	167	2
22	168	3
22	170	1
22	175	8
22	183	2
22	184	6
22	189	12
25	26	1
25	27	9
25	30	4
25	32	44
25	35	24
25	36	81
25	39	14
25	42	7
25	44	30
25	45	3
25	46	4
25	47	45
25	49	13
25	55	6
25	56	6
25	59	11
25	60	4
25	62	2
25	63	17
25	64	85
25	67	2
25	68	83
25	69	1
25	70	12
25	78	27
25	81	11
25	83	35
25	84	13
25	86	10
25	88	10
25	90	6
25	91	85
25	93	160
25	95	1
25	96	8
25	97	2
25	98	1
25	100	1
25	101	2
25	102	3
25	104	1
25	105	2
25	106	1
25	108	1
25	109	3
25	110	17
25	114	44
25	116	4
25	118	2
25	122	1
25	123	57
25	126	10
25	129	7
25	132	31
25	134	1
25	135	9
25	139	2
25	141	9
25	142	12
25	143	37
25	144	40
25	147	24
25	148	40
25	152	6
25	156	8
25	157	40
25	158	6
25	159	44
25	161	27
25	162	56
25	163	92
25	164	10
25	167	23
25	168	39
25	169	1
25	170	57
25	175	16
25	179	12
25	180	6
25	181	4
25	182	21
25	183	117
25	184	129
25	185	6
25	189	159
26	30	7
26	32	3
26	36	25
26	39	1
26	55	1
26	62	2
26	63	1
26	64	2
26	68	2
26	69	1
26	78	14
26	83	19
26	84	22
26	86	3
26	93	28
26	95	3
26	96	2
26	100	3
26	107	1
26	108	1
26	109	1
26	110	24
26	114	1
26	117	9
26	120	12
26	122	11
26	123	1
26	125	1
26	126	7
26	129	2
26	132	1
26	134	2
26	135	13
26	139	2
26	142	18
26	148	1
26	152	5
26	157	24
26	160	2
26	161	1
26	162	21
26	164	7
26	168	5
26	170	20
26	175	20
26	182	3
26	183	5
26	184	9
26	189	29
27	32	7
27	35	3
27	36	7
27	39	3
27	44	2
27	47	7
27	49	2
27	55	1
27	59	1
27	64	5
27	68	5
27	70	1
27	78	1
27	81	6
27	83	5
27	84	2
27	86	1
27	91	6
27	93	17
27	95	1
27	101	2
27	105	1
27	109	1
27	110	1
27	114	3
27	123	7
27	129	1
27	135	3
27	141	2
27	142	1
27	143	8
27	144	4
27	147	2
27	148	6
27	152	2
27	156	4
27	157	4
27	158	4
27	159	1
27	161	4
27	162	1
27	163	10
27	167	3
27	170	7
27	175	2
27	179	4
27	180	1
27	181	2
27	182	1
27	183	10
27	184	9
27	189	17
30	32	4
30	36	53
30	39	4
30	48	2
30	49	1
30	59	1
30	62	1
30	63	2
30	64	5
30	68	2
30	69	3
30	70	1
30	78	10
30	81	2
30	83	53
30	84	60
30	86	2
30	90	2
30	91	4
30	93	110
30	96	1
30	100	13
30	107	1
30	109	1
30	110	57
30	114	1
30	117	7
30	120	12
30	122	7
30	123	3
30	125	1
30	126	4
30	129	2
30	132	1
30	134	1
30	135	6
30	139	3
30	142	57
30	143	1
30	148	2
30	157	51
30	160	2
30	161	2
30	162	48
30	163	2
30	164	7
30	165	1
30	167	5
30	168	18
30	170	51
30	172	1
30	175	68
30	180	3
30	182	2
30	183	15
30	184	25
30	189	106
30	195	1
32	35	31
32	36	129
32	39	18
32	42	3
32	44	18
32	45	1
32	46	2
32	47	26
32	49	15
32	55	4
32	56	16
32	59	14
32	60	3
32	63	18
32	64	115
32	67	2
32	68	101
32	69	2
32	70	11
32	78	45
32	81	36
32	83	58
32	84	17
32	86	16
32	87	3
32	88	24
32	90	18
32	91	113
32	93	275
32	95	1
32	96	4
32	97	3
32	98	1
32	101	6
32	102	1
32	104	1
32	105	3
32	108	1
32	109	2
32	110	29
32	114	27
32	116	4
32	117	3
32	118	2
32	120	3
32	122	5
32	123	39
32	125	2
32	126	16
32	129	3
32	132	23
32	134	1
32	135	10
32	139	2
32	141	6
32	142	10
32	143	69
32	144	20
32	147	11
32	148	52
32	152	10
32	156	4
32	157	25
32	158	4
32	159	13
32	161	26
32	162	125
32	163	123
32	164	9
32	165	1
32	167	50
32	168	54
32	170	69
32	172	1
32	175	38
32	178	1
32	179	8
32	180	3
32	181	13
32	182	4
32	183	158
32	184	191
32	185	5
32	189	271
35	36	37
35	39	6
35	42	3
35	44	5
35	45	1
35	46	1
35	47	12
35	49	14
35	55	3
35	56	1
35	59	5
35	60	1
35	63	7
35	64	32
35	68	29
35	70	1
35	78	12
35	81	6
35	83	15
35	84	4
35	86	2
35	88	13
35	90	2
35	91	23
35	93	70
35	101	2
35	106	1
35	110	2
35	114	10
35	116	1
35	122	1
35	123	13
35	126	6
35	129	1
35	132	6
35	135	4
35	141	5
35	142	1
35	143	3
35	144	10
35	147	5
35	148	6
35	152	1
35	156	4
35	157	8
35	158	3
35	161	13
35	162	40
35	163	25
35	164	3
35	167	19
35	168	9
35	170	41
35	175	6
35	179	7
35	181	2
35	182	1
35	183	40
35	184	54
35	185	1
35	189	70
36	39	31
36	42	4
36	44	22
36	45	4
36	46	2
36	47	48
36	48	1
36	49	18
36	55	4
36	56	17
36	59	9
36	60	2
36	62	6
36	63	24
36	64	155
36	67	3
36	68	176
36	69	3
36	70	17
36	78	176
36	81	61
36	83	241
36	84	167
36	86	37
36	87	4
36	88	25
36	90	21
36	91	132
36	93	998
36	94	7
36	95	13
36	96	10
36	97	10
36	98	2
36	100	11
36	101	2
36	102	7
36	105	6
36	106	9
36	107	6
36	108	1
36	109	3
36	110	220
36	114	30
36	116	3
36	117	25
36	118	1
36	120	27
36	122	30
36	123	55
36	125	5
36	126	44
36	129	9
36	132	76
36	134	4
36	135	52
36	139	9
36	141	9
36	142	146
36	143	51
36	144	16
36	146	5
36	147	28
36	148	97
36	152	46
36	156	2
36	157	205
36	158	8
36	159	37
36	160	5
36	161	25
36	162	375
36	163	187
36	164	42
36	165	2
36	167	70
36	168	54
36	169	2
36	170	268
36	172	1
36	175	250
36	178	5
36	179	20
36	180	1
36	181	10
36	182	13
36	183	221
36	184	312
36	185	2
36	189	1009
39	44	18
39	45	1
39	46	1
39	47	2
39	49	4
39	55	1
39	56	1
39	59	1
39	60	1
39	63	3
39	64	24
39	68	24
39	70	2
39	78	17
39	81	17
39	83	17
39	84	6
39	86	2
39	88	3
39	90	1
39	91	13
39	93	51
39	95	2
39	96	1
39	97	5
39	98	1
39	100	1
39	101	1
39	105	1
39	108	1
39	109	1
39	110	5
39	114	6
39	117	1
39	120	2
39	122	1
39	123	6
39	126	2
39	129	2
39	132	18
39	135	4
39	141	3
39	142	3
39	143	3
39	144	5
39	147	6
39	148	4
39	152	7
39	156	1
39	157	4
39	161	4
39	162	26
39	163	25
39	164	3
39	167	21
39	168	2
39	170	7
39	175	6
39	179	5
39	180	1
39	181	1
39	182	2
39	183	17
39	184	27
39	185	1
39	189	50
42	47	1
42	49	2
42	55	2
42	59	2
42	60	1
42	62	2
42	63	1
42	64	6
42	68	5
42	69	1
42	81	1
42	83	2
42	84	2
42	90	1
42	91	3
42	93	8
42	96	3
42	110	4
42	123	6
42	126	3
42	132	1
42	143	1
42	148	1
42	157	1
42	158	1
42	161	6
42	162	2
42	163	3
42	168	3
42	175	1
42	183	2
42	184	7
42	189	8
44	45	2
44	47	31
44	55	2
44	56	4
44	59	1
44	60	1
44	63	1
44	64	48
44	68	51
44	69	1
44	78	19
44	81	20
44	83	3
44	84	4
44	86	3
44	87	1
44	88	3
44	90	1
44	91	40
44	93	57
44	101	1
44	110	1
44	114	26
44	120	1
44	123	29
44	126	3
44	129	1
44	132	17
44	135	3
44	143	29
44	144	30
44	147	23
44	148	4
44	152	1
44	156	3
44	158	2
44	159	29
44	161	4
44	162	17
44	163	50
44	167	19
44	168	10
44	170	1
44	175	3
44	179	1
44	181	4
44	182	18
44	183	39
44	184	43
44	189	57
45	47	1
45	49	1
45	55	1
45	64	4
45	68	3
45	81	2
45	83	1
45	84	1
45	86	2
45	91	2
45	93	6
45	96	1
45	110	1
45	114	1
45	123	1
45	126	2
45	135	2
45	142	1
45	143	1
45	146	2
45	148	1
45	158	1
45	161	2
45	163	2
45	167	1
45	168	1
45	175	1
45	181	1
45	183	2
45	184	4
45	185	1
45	189	6
46	47	2
46	49	1
46	56	3
46	59	2
46	60	1
46	63	2
46	64	1
46	68	2
46	70	2
46	83	2
46	86	4
46	91	3
46	93	9
46	96	1
46	97	3
46	106	1
46	110	1
46	114	2
46	116	2
46	122	1
46	123	1
46	132	1
46	141	1
46	142	1
46	144	2
46	146	1
46	152	2
46	156	1
46	157	1
46	158	1
46	161	3
46	162	4
46	163	5
46	164	1
46	167	1
46	168	4
46	170	2
46	179	1
46	182	2
46	183	5
46	184	6
46	185	2
46	189	9
47	49	6
47	55	3
47	56	2
47	59	2
47	63	10
47	64	57
47	67	2
47	68	67
47	70	7
47	78	1
47	81	11
47	83	26
47	84	5
47	86	4
47	88	7
47	90	12
47	91	64
47	93	114
47	95	3
47	96	1
47	97	1
47	98	1
47	102	1
47	105	2
47	106	1
47	110	11
47	114	39
47	116	1
47	118	2
47	120	4
47	122	2
47	123	45
47	126	3
47	129	2
47	132	9
47	135	2
47	141	3
47	142	3
47	143	47
47	144	32
47	146	1
47	147	22
47	148	32
47	152	11
47	156	5
47	157	3
47	158	11
47	159	42
47	161	5
47	162	32
47	163	72
47	167	14
47	168	21
47	170	30
47	175	12
47	179	8
47	181	9
47	182	20
47	183	57
47	184	79
47	185	1
47	189	113
48	49	1
48	63	1
48	84	2
48	86	1
48	91	1
48	93	7
48	100	2
48	110	1
48	120	3
48	122	1
48	129	1
48	142	1
48	164	1
48	167	2
48	175	4
48	183	3
48	184	6
48	189	7
49	56	2
49	59	3
49	60	1
49	63	4
49	64	15
49	68	23
49	69	1
49	70	2
49	78	3
49	81	9
49	83	16
49	84	5
49	86	4
49	88	6
49	90	1
49	91	12
49	93	64
49	96	2
49	97	1
49	100	3
49	102	1
49	105	1
49	106	1
49	110	7
49	114	7
49	120	1
49	122	1
49	123	15
49	126	8
49	129	1
49	132	2
49	134	1
49	135	1
49	141	3
49	142	4
49	143	9
49	144	1
49	147	2
49	148	7
49	152	1
49	156	1
49	157	3
49	158	4
49	159	1
49	161	6
49	162	19
49	163	12
49	164	4
49	167	13
49	168	9
49	170	18
49	172	1
49	175	9
49	178	1
49	179	1
49	180	1
49	181	3
49	183	29
49	184	43
49	185	1
49	189	64
55	56	1
55	62	1
55	64	5
55	68	4
55	70	1
55	81	2
55	83	5
55	84	2
55	86	1
55	90	1
55	91	2
55	93	10
55	96	2
55	108	1
55	110	2
55	114	1
55	123	4
55	126	3
55	129	1
55	132	1
55	135	2
55	141	1
55	143	1
55	144	1
55	148	3
55	152	1
55	158	3
55	161	6
55	163	4
55	164	1
55	168	2
55	175	4
55	181	1
55	183	4
55	184	8
55	189	10
56	59	1
56	60	4
56	63	2
56	64	7
56	68	13
56	69	1
56	70	4
56	78	5
56	81	3
56	83	36
56	84	15
56	86	18
56	87	6
56	88	3
56	90	2
56	91	10
56	93	187
56	94	11
56	96	2
56	97	4
56	98	1
56	100	1
56	102	1
56	104	7
56	109	1
56	110	18
56	114	3
56	117	1
56	118	4
56	122	9
56	123	10
56	126	5
56	129	9
56	132	2
56	134	2
56	135	9
56	139	1
56	141	2
56	142	6
56	143	2
56	144	2
56	146	3
56	147	2
56	148	3
56	152	21
56	156	1
56	157	8
56	159	1
56	161	5
56	162	11
56	163	9
56	164	2
56	165	15
56	167	3
56	168	4
56	169	9
56	170	10
56	175	15
56	178	4
56	179	5
56	180	2
56	181	3
56	182	7
56	183	32
56	184	53
56	189	186
56	195	3
59	60	1
59	63	5
59	64	10
59	68	8
59	70	1
59	78	2
59	83	4
59	84	1
59	86	6
59	88	1
59	90	2
59	91	11
59	93	23
59	97	2
59	98	1
59	101	3
59	110	2
59	114	6
59	116	2
59	123	7
59	126	6
59	129	1
59	132	3
59	135	2
59	141	1
59	142	2
59	143	2
59	144	4
59	147	2
59	148	3
59	152	1
59	156	1
59	157	1
59	161	8
59	162	10
59	163	12
59	164	1
59	167	4
59	168	8
59	170	6
59	175	4
59	179	1
59	180	2
59	181	1
59	182	1
59	183	13
59	184	14
59	185	4
59	189	22
60	63	2
60	64	5
60	68	5
60	69	2
60	78	1
60	83	11
60	84	7
60	86	5
60	87	2
60	93	20
60	94	2
60	98	1
60	109	1
60	110	6
60	114	1
60	118	1
60	122	1
60	126	3
60	129	3
60	132	3
60	135	2
60	141	2
60	143	1
60	144	2
60	147	1
60	148	1
60	152	3
60	156	1
60	157	2
60	161	4
60	162	4
60	163	3
60	164	1
60	167	2
60	168	1
60	172	2
60	175	1
60	179	1
60	180	2
60	182	2
60	183	6
60	184	9
60	189	20
62	64	4
62	68	2
62	78	2
62	81	1
62	84	5
62	93	12
62	96	2
62	100	1
62	108	1
62	110	9
62	117	1
62	120	1
62	123	2
62	125	5
62	126	8
62	139	5
62	142	7
62	157	3
62	160	5
62	161	2
62	162	6
62	164	2
62	168	5
62	175	4
62	183	4
62	184	4
62	189	12
63	64	15
63	68	16
63	69	2
63	70	10
63	78	4
63	81	3
63	83	9
63	84	6
63	86	8
63	88	5
63	90	4
63	91	17
63	93	45
63	96	1
63	97	2
63	98	1
63	102	1
63	105	4
63	110	4
63	114	9
63	116	3
63	118	2
63	120	1
63	122	2
63	123	12
63	126	2
63	129	2
63	132	10
63	135	1
63	141	3
63	143	3
63	144	9
63	147	5
63	148	8
63	152	1
63	156	1
63	157	4
63	158	2
63	161	3
63	162	13
63	163	17
63	164	1
63	167	11
63	168	17
63	170	9
63	172	1
63	175	5
63	179	3
63	180	1
63	181	1
63	182	1
63	183	24
63	184	29
63	185	3
63	189	45
64	67	2
64	68	190
64	69	1
64	70	14
64	78	83
64	81	51
64	83	55
64	84	19
64	86	11
64	88	24
64	90	17
64	91	161
64	93	429
64	94	4
64	95	2
64	96	7
64	97	2
64	98	2
64	100	6
64	101	2
64	102	5
64	105	3
64	106	2
64	108	1
64	109	1
64	110	30
64	114	47
64	117	1
64	118	4
64	120	3
64	122	5
64	123	71
64	125	4
64	126	18
64	129	4
64	132	66
64	134	1
64	135	5
64	139	2
64	141	5
64	142	17
64	143	85
64	144	45
64	146	2
64	147	41
64	148	77
64	152	14
64	156	7
64	157	44
64	158	7
64	159	57
64	160	1
64	161	29
64	162	134
64	163	185
64	164	5
64	167	52
64	168	70
64	170	72
64	172	1
64	175	30
64	178	5
64	179	12
64	180	3
64	181	10
64	182	24
64	183	220
64	184	226
64	185	3
64	189	424
67	68	1
67	70	1
67	78	1
67	83	2
67	86	1
67	93	4
67	95	2
67	98	1
67	110	2
67	114	1
67	116	1
67	122	1
67	123	2
67	129	1
67	135	2
67	148	1
67	157	2
67	161	1
67	162	1
67	163	1
67	164	1
67	168	1
67	170	1
67	179	2
67	183	3
67	184	2
67	185	1
67	189	4
68	69	1
68	70	15
68	78	91
68	81	61
68	83	60
68	84	25
68	86	9
68	87	1
68	88	29
68	90	25
68	91	162
68	93	446
68	94	1
68	95	3
68	96	10
68	97	1
68	98	1
68	100	2
68	101	2
68	102	2
68	105	3
68	106	2
68	107	1
68	108	1
68	109	2
68	110	33
68	114	49
68	117	4
68	118	1
68	120	7
68	122	6
68	123	81
68	126	29
68	129	3
68	132	70
68	134	1
68	135	5
68	141	6
68	142	18
68	143	80
68	144	47
68	147	47
68	148	92
68	152	28
68	156	8
68	157	45
68	158	7
68	159	64
68	161	29
68	162	130
68	163	171
68	164	9
68	165	2
68	167	58
68	168	69
68	169	2
68	170	82
68	172	3
68	175	44
68	178	2
68	179	15
68	180	3
68	181	14
68	182	21
68	183	211
68	184	245
68	185	1
68	189	441
68	195	1
69	78	2
69	83	4
69	84	3
69	86	2
69	88	1
69	91	2
69	93	18
69	96	1
69	109	1
69	110	2
69	117	1
69	122	2
69	123	2
69	126	1
69	129	3
69	135	2
69	141	1
69	142	4
69	157	3
69	161	1
69	163	1
69	164	1
69	165	1
69	167	1
69	168	3
69	170	1
69	172	2
69	175	2
69	180	1
69	183	3
69	184	4
69	189	18
69	195	1
70	78	2
70	81	1
70	83	10
70	84	4
70	86	3
70	87	1
70	88	3
70	90	5
70	91	13
70	93	42
70	95	2
70	96	1
70	97	1
70	98	2
70	100	2
70	102	4
70	104	1
70	105	5
70	110	8
70	114	3
70	116	1
70	117	1
70	120	2
70	122	3
70	123	11
70	126	1
70	129	1
70	132	13
70	134	1
70	135	2
70	142	2
70	143	5
70	144	12
70	146	1
70	147	1
70	148	9
70	156	4
70	157	4
70	161	4
70	162	6
70	163	11
70	164	1
70	167	5
70	168	7
70	169	1
70	170	2
70	175	3
70	178	1
70	179	5
70	180	1
70	181	1
70	182	2
70	183	21
70	184	23
70	189	42
78	81	44
78	83	81
78	84	67
78	86	11
78	88	20
78	91	52
78	93	232
78	94	1
78	95	2
78	96	2
78	97	2
78	100	3
78	101	2
78	102	2
78	107	5
78	110	93
78	114	5
78	116	1
78	117	10
78	118	1
78	120	18
78	122	12
78	123	12
78	125	1
78	126	17
78	132	49
78	134	4
78	135	23
78	139	4
78	141	2
78	142	64
78	143	7
78	144	5
78	146	1
78	147	22
78	148	30
78	152	18
78	156	1
78	157	114
78	158	1
78	159	19
78	160	2
78	161	15
78	162	159
78	163	77
78	164	16
78	167	30
78	168	14
78	169	2
78	170	108
78	172	1
78	175	99
78	179	6
78	181	1
78	182	4
78	183	107
78	184	112
78	185	1
78	189	236
81	83	12
81	84	3
81	86	3
81	88	8
81	90	1
81	91	36
81	93	109
81	96	1
81	100	2
81	105	1
81	110	1
81	114	7
81	120	1
81	122	1
81	123	12
81	126	4
81	132	30
81	135	1
81	141	4
81	142	4
81	143	22
81	144	2
81	147	25
81	148	14
81	152	10
81	156	4
81	157	3
81	158	6
81	159	1
81	161	3
81	162	43
81	163	53
81	165	1
81	167	31
81	168	9
81	170	9
81	175	2
81	179	6
81	181	4
81	183	65
81	184	52
81	189	109
83	84	155
83	86	37
83	87	7
83	88	11
83	90	18
83	91	46
83	93	498
83	94	7
83	95	6
83	96	5
83	97	7
83	98	2
83	100	5
83	101	1
83	102	4
83	104	1
83	105	3
83	107	4
83	108	1
83	109	3
83	110	187
83	114	16
83	116	1
83	117	13
83	118	2
83	120	28
83	122	35
83	123	29
83	126	26
83	129	7
83	132	21
83	134	4
83	135	51
83	139	2
83	141	8
83	142	139
83	143	24
83	144	7
83	146	2
83	147	8
83	148	40
83	152	52
83	156	2
83	157	162
83	158	5
83	159	15
83	160	1
83	161	18
83	162	218
83	163	54
83	164	36
83	165	6
83	167	27
83	168	27
83	169	2
83	170	185
83	172	1
83	175	209
83	178	6
83	179	16
83	180	3
83	181	11
83	182	20
83	183	91
83	184	152
83	185	1
83	189	508
84	86	15
84	87	6
84	88	5
84	90	5
84	91	11
84	93	402
84	94	5
84	95	8
84	96	8
84	97	2
84	100	9
84	101	2
84	105	3
84	107	6
84	108	3
84	109	1
84	110	190
84	114	3
84	117	19
84	118	2
84	120	33
84	122	30
84	123	11
84	125	1
84	126	22
84	129	4
84	132	6
84	134	2
84	135	38
84	139	4
84	141	3
84	142	152
84	143	1
84	144	3
84	146	2
84	148	16
84	152	13
84	156	4
84	157	139
84	159	2
84	160	2
84	161	13
84	162	150
84	163	7
84	164	29
84	165	1
84	167	8
84	168	22
84	169	3
84	170	145
84	172	3
84	175	208
84	178	3
84	179	9
84	180	1
84	181	3
84	182	11
84	183	35
84	184	89
84	185	1
84	189	403
86	87	2
86	88	3
86	90	2
86	91	11
86	93	113
86	94	3
86	95	2
86	97	2
86	98	2
86	100	1
86	101	2
86	105	3
86	108	1
86	110	23
86	114	5
86	116	4
86	117	2
86	118	1
86	120	5
86	122	7
86	123	8
86	126	6
86	129	2
86	132	10
86	134	1
86	135	16
86	141	2
86	142	8
86	143	3
86	144	4
86	147	3
86	148	8
86	152	16
86	156	1
86	157	14
86	158	2
86	159	1
86	161	7
86	162	21
86	163	11
86	164	7
86	165	3
86	167	6
86	168	10
86	169	1
86	170	18
86	172	1
86	175	14
86	179	8
86	180	1
86	182	4
86	183	15
86	184	30
86	185	3
86	189	112
87	91	1
87	93	18
87	104	1
87	110	2
87	122	1
87	123	1
87	126	1
87	129	1
87	135	2
87	142	1
87	143	1
87	144	1
87	148	5
87	152	2
87	163	1
87	165	1
87	169	1
87	170	1
87	175	4
87	179	1
87	181	1
87	182	1
87	183	2
87	184	5
87	189	18
88	90	1
88	91	25
88	93	63
88	96	1
88	97	2
88	100	1
88	105	1
88	110	7
88	114	6
88	116	2
88	120	1
88	123	7
88	126	5
88	132	5
88	134	1
88	142	2
88	143	1
88	144	8
88	147	8
88	148	6
88	152	10
88	156	2
88	157	1
88	161	3
88	162	24
88	163	18
88	164	3
88	165	1
88	167	17
88	168	9
88	170	15
88	175	8
88	179	3
88	181	2
88	183	35
88	184	40
88	189	62
90	91	19
90	93	34
90	97	1
90	105	2
90	110	7
90	114	8
90	117	1
90	118	1
90	122	2
90	123	7
90	126	5
90	132	7
90	135	2
90	141	1
90	142	2
90	143	11
90	144	2
90	148	17
90	152	6
90	156	1
90	157	6
90	159	11
90	161	8
90	162	17
90	163	18
90	164	3
90	167	4
90	168	3
90	170	15
90	175	13
90	179	2
90	180	1
90	181	7
90	183	12
90	184	30
90	189	34
91	93	299
91	95	1
91	96	3
91	97	2
91	101	3
91	102	2
91	105	3
91	106	1
91	107	1
91	110	14
91	114	46
91	116	4
91	117	1
91	120	2
91	122	2
91	123	66
91	126	17
91	129	5
91	132	45
91	134	1
91	135	3
91	141	2
91	142	6
91	143	91
91	144	41
91	147	36
91	148	76
91	152	20
91	156	7
91	157	39
91	158	4
91	159	65
91	161	15
91	162	120
91	163	180
91	164	3
91	167	28
91	168	58
91	170	73
91	175	31
91	178	2
91	179	10
91	180	1
91	181	11
91	182	20
91	183	182
91	184	206
91	185	4
91	189	295
93	94	22
93	95	16
93	96	28
93	97	20
93	98	5
93	100	51
93	101	5
93	102	14
93	104	9
93	105	9
93	106	15
93	107	6
93	108	7
93	109	11
93	110	431
93	114	80
93	116	5
93	117	43
93	118	8
93	120	85
93	122	65
93	123	202
93	125	7
93	126	122
93	129	26
93	132	121
93	134	8
93	135	96
93	139	13
93	141	15
93	142	313
93	143	140
93	144	69
93	146	8
93	147	64
93	148	212
93	152	122
93	156	15
93	157	307
93	158	13
93	159	68
93	160	7
93	161	59
93	162	752
93	163	358
93	164	84
93	165	25
93	167	131
93	168	174
93	169	13
93	170	513
93	172	7
93	175	696
93	178	14
93	179	53
93	180	15
93	181	22
93	182	48
93	183	635
93	184	1033
93	185	5
93	189	9500
93	195	6
94	104	3
94	110	9
94	122	1
94	123	2
94	134	1
94	135	2
94	142	1
94	146	2
94	148	3
94	152	1
94	157	3
94	162	4
94	165	2
94	169	1
94	170	1
94	175	5
94	178	2
94	179	2
94	182	2
94	183	1
94	184	8
94	189	22
95	98	2
95	100	1
95	105	1
95	110	7
95	116	1
95	117	5
95	120	3
95	122	5
95	123	1
95	129	1
95	134	2
95	135	4
95	142	7
95	143	1
95	144	1
95	148	3
95	152	3
95	157	3
95	162	7
95	163	2
95	164	2
95	167	1
95	170	5
95	175	8
95	179	3
95	182	1
95	183	2
95	184	3
95	189	16
96	102	1
96	106	1
96	108	1
96	109	2
96	110	7
96	114	1
96	117	1
96	122	2
96	123	5
96	126	2
96	129	4
96	132	1
96	135	1
96	141	1
96	142	3
96	152	1
96	156	1
96	157	4
96	158	1
96	161	6
96	162	3
96	163	2
96	164	2
96	167	1
96	168	10
96	170	4
96	175	6
96	178	2
96	179	1
96	183	10
96	184	11
96	189	28
97	110	9
97	114	1
97	116	2
97	118	1
97	122	2
97	132	1
97	134	1
97	135	1
97	142	3
97	144	2
97	146	1
97	152	7
97	157	1
97	161	2
97	162	13
97	163	4
97	167	2
97	168	3
97	170	3
97	175	2
97	182	1
97	183	3
97	184	14
97	185	2
97	189	20
98	100	1
98	116	1
98	117	2
98	120	1
98	122	2
98	123	1
98	129	1
98	132	1
98	135	2
98	143	1
98	144	2
98	147	1
98	148	2
98	152	1
98	161	1
98	163	1
98	167	2
98	168	1
98	179	1
98	182	1
98	183	1
98	184	2
98	189	5
100	107	1
100	110	10
100	114	2
100	117	5
100	120	11
100	122	4
100	123	2
100	125	1
100	126	2
100	129	1
100	132	1
100	135	1
100	139	2
100	141	1
100	142	6
100	143	1
100	144	1
100	147	1
100	148	3
100	157	5
100	160	2
100	162	4
100	163	2
100	164	3
100	165	1
100	167	2
100	168	9
100	170	3
100	175	22
100	182	1
100	183	10
100	184	12
100	189	51
101	110	1
101	114	3
101	122	1
101	123	4
101	135	2
101	142	2
101	143	2
101	144	2
101	148	3
101	156	2
101	157	1
101	161	5
101	162	2
101	163	4
101	168	3
101	170	3
101	175	3
101	179	1
101	181	2
101	183	4
101	184	4
101	189	4
102	110	3
102	120	2
102	123	3
102	135	2
102	142	1
102	143	1
102	144	1
102	148	3
102	152	2
102	156	3
102	157	2
102	162	5
102	163	1
102	168	1
102	170	3
102	175	2
102	178	1
102	182	2
102	183	7
102	184	3
102	189	14
104	110	1
104	123	3
104	135	1
104	165	1
104	169	1
104	183	2
104	184	1
104	189	9
105	114	1
105	123	2
105	132	3
105	135	1
105	143	2
105	144	4
105	147	1
105	148	3
105	156	1
105	157	3
105	162	3
105	163	2
105	164	1
105	168	1
105	170	2
105	175	1
105	179	4
105	181	1
105	183	4
105	184	6
105	189	9
106	123	1
106	132	1
106	144	1
106	156	1
106	157	1
106	158	1
106	161	1
106	163	1
106	168	2
106	170	1
106	183	1
106	184	5
106	189	15
107	110	6
107	117	1
107	120	5
107	132	1
107	135	4
107	148	1
107	157	5
107	162	6
107	164	4
107	168	5
107	170	6
107	175	5
107	184	5
107	189	6
108	110	2
108	114	1
108	120	3
108	129	2
108	139	1
108	161	1
108	164	3
108	167	1
108	175	1
108	183	1
108	184	3
108	189	7
109	110	3
109	117	1
109	122	1
109	126	1
109	129	1
109	135	2
109	139	1
109	141	1
109	142	2
109	144	1
109	152	1
109	157	1
109	161	6
109	164	3
109	167	2
109	168	2
109	172	1
109	175	2
109	180	2
109	183	6
109	184	5
109	189	11
109	195	1
110	114	9
110	117	19
110	118	3
110	120	36
110	122	26
110	123	18
110	125	5
110	126	28
110	129	3
110	132	9
110	134	5
110	135	44
110	139	10
110	141	3
110	142	171
110	143	6
110	144	5
110	146	5
110	147	1
110	148	17
110	152	29
110	156	2
110	157	175
110	158	1
110	159	6
110	160	6
110	161	18
110	162	199
110	163	25
110	164	43
110	165	5
110	167	10
110	168	28
110	169	2
110	170	164
110	172	2
110	175	225
110	178	3
110	179	13
110	180	2
110	181	5
110	182	17
110	183	63
110	184	100
110	185	1
110	189	439
114	120	1
114	122	2
114	123	37
114	126	4
114	129	2
114	132	4
114	135	2
114	141	9
114	142	6
114	143	37
114	144	28
114	146	1
114	147	23
114	148	13
114	152	4
114	156	1
114	157	9
114	159	31
114	161	11
114	162	21
114	163	54
114	164	5
114	165	2
114	167	14
114	168	22
114	170	18
114	175	12
114	179	5
114	180	2
114	181	9
114	182	20
114	183	56
114	184	64
114	185	2
114	189	79
116	122	1
116	123	1
116	135	1
116	144	2
116	162	4
116	163	4
116	167	1
116	168	2
116	170	4
116	175	2
116	179	1
116	183	4
116	184	4
116	185	2
116	189	5
117	120	11
117	122	8
117	123	1
117	125	1
117	126	7
117	129	1
117	132	1
117	134	2
117	135	11
117	139	2
117	142	18
117	143	2
117	144	1
117	148	6
117	152	2
117	157	17
117	160	1
117	162	25
117	164	8
117	167	1
117	168	7
117	170	18
117	175	22
117	183	6
117	184	8
117	189	43
118	126	1
118	129	1
118	132	1
118	139	1
118	142	1
118	144	1
118	148	3
118	152	4
118	156	1
118	157	1
118	158	2
118	161	1
118	162	3
118	163	3
118	164	1
118	165	1
118	167	1
118	170	1
118	175	1
118	183	5
118	184	5
118	189	8
120	122	15
120	123	1
120	126	9
120	129	1
120	132	2
120	134	2
120	135	19
120	139	2
120	142	24
120	143	1
120	144	2
120	147	1
120	148	5
120	152	2
120	157	30
120	159	1
120	160	1
120	162	22
120	163	2
120	164	17
120	167	2
120	168	12
120	170	25
120	175	45
120	182	1
120	183	11
120	184	29
120	189	86
122	123	4
122	126	3
122	129	2
122	132	1
122	134	2
122	135	20
122	139	2
122	141	4
122	142	22
122	143	2
122	144	1
122	146	1
122	148	2
122	152	6
122	157	27
122	160	1
122	161	5
122	162	20
122	163	3
122	164	10
122	165	5
122	167	7
122	168	9
122	169	2
122	170	22
122	172	1
122	175	32
122	179	2
122	181	2
122	182	2
122	183	13
122	184	24
122	189	66
123	125	1
123	126	11
123	129	3
123	132	16
123	135	8
123	141	6
123	142	10
123	143	41
123	144	34
123	147	24
123	148	26
123	152	4
123	156	6
123	157	21
123	158	7
123	159	26
123	161	16
123	162	33
123	163	84
123	164	4
123	165	2
123	167	27
123	168	38
123	169	1
123	170	38
123	172	1
123	175	26
123	179	8
123	180	2
123	181	4
123	182	18
123	183	95
123	184	96
123	189	202
123	195	1
125	126	5
125	139	3
125	142	4
125	157	4
125	160	3
125	162	5
125	168	3
125	175	4
125	183	3
125	184	2
125	189	7
126	129	2
126	132	9
126	135	14
126	139	6
126	141	2
126	142	24
126	143	2
126	144	5
126	148	5
126	152	1
126	156	1
126	157	23
126	158	2
126	160	5
126	161	12
126	162	32
126	163	11
126	164	8
126	167	8
126	168	11
126	169	1
126	170	24
126	172	1
126	175	34
126	179	2
126	183	34
126	184	40
126	185	1
126	189	123
129	132	2
129	135	5
129	139	1
129	141	1
129	142	3
129	143	1
129	144	3
129	147	1
129	148	1
129	152	2
129	157	2
129	161	4
129	163	4
129	164	4
129	165	3
129	167	3
129	168	6
129	170	2
129	172	2
129	175	5
129	178	1
129	179	1
129	180	3
129	182	2
129	183	12
129	184	7
129	189	26
129	195	1
132	135	1
132	141	2
132	142	2
132	143	1
132	144	6
132	147	11
132	148	25
132	152	4
132	156	2
132	157	28
132	158	2
132	159	19
132	161	6
132	162	50
132	163	54
132	164	1
132	167	29
132	168	13
132	170	27
132	175	10
132	179	2
132	180	1
132	182	1
132	183	58
132	184	59
132	185	1
132	189	121
134	135	2
134	142	4
134	152	3
134	157	3
134	161	1
134	162	4
134	167	1
134	168	1
134	170	3
134	175	3
134	178	1
134	180	1
134	183	3
134	184	1
134	189	7
135	141	2
135	142	32
135	143	3
135	144	6
135	146	1
135	147	2
135	148	5
135	152	12
135	156	2
135	157	40
135	158	1
135	161	8
135	162	42
135	163	6
135	164	19
135	165	3
135	167	2
135	168	13
135	169	2
135	170	36
135	172	1
135	175	44
135	179	3
135	180	2
135	181	2
135	182	5
135	183	10
135	184	22
135	185	2
135	189	97
135	195	1
139	142	8
139	157	3
139	160	7
139	161	2
139	162	7
139	164	7
139	167	4
139	168	5
139	170	1
139	175	6
139	183	7
139	184	6
139	189	13
141	142	4
141	143	3
141	144	2
141	147	3
141	148	4
141	152	4
141	157	4
141	161	4
141	162	4
141	163	6
141	164	2
141	165	1
141	167	6
141	168	3
141	170	2
141	172	1
141	175	4
141	179	3
141	180	1
141	181	2
141	182	1
141	183	10
141	184	12
141	185	1
141	189	15
142	143	2
142	146	1
142	148	6
142	152	12
142	157	118
142	158	1
142	160	7
142	161	8
142	162	147
142	163	8
142	164	26
142	165	2
142	167	9
142	168	24
142	170	131
142	172	1
142	175	183
142	179	4
142	180	1
142	181	3
142	182	13
142	183	36
142	184	53
142	185	1
142	189	311
143	144	33
143	147	22
143	148	51
143	152	11
143	156	4
143	157	4
143	158	5
143	159	39
143	161	4
143	162	49
143	163	105
143	167	12
143	168	32
143	170	22
143	175	10
143	179	6
143	180	1
143	181	11
143	182	18
143	183	94
143	184	109
143	189	141
144	147	21
144	148	12
144	152	2
144	156	6
144	157	2
144	159	25
144	161	7
144	162	13
144	163	45
144	164	1
144	167	7
144	168	19
144	170	10
144	175	4
144	179	6
144	180	1
144	181	3
144	182	19
144	183	52
144	184	55
144	185	2
144	189	69
146	148	2
146	157	3
146	161	1
146	162	3
146	163	1
146	167	1
146	168	1
146	175	3
146	178	2
146	179	2
146	182	3
146	183	2
146	184	3
146	189	8
147	148	3
147	152	12
147	156	1
147	157	3
147	159	18
147	161	1
147	162	17
147	163	47
147	167	10
147	168	13
147	170	2
147	179	6
147	182	19
147	183	51
147	184	41
147	185	1
147	189	64
148	152	14
148	156	7
148	157	31
148	158	8
148	159	35
148	161	8
148	162	69
148	163	94
148	164	1
148	167	10
148	168	25
148	170	54
148	175	33
148	178	2
148	179	10
148	180	2
148	181	11
148	182	5
148	183	82
148	184	113
148	189	233
152	156	1
152	157	17
152	158	1
152	159	10
152	161	3
152	162	42
152	163	23
152	164	6
152	165	2
152	167	6
152	168	2
152	169	2
152	170	27
152	175	21
152	178	3
152	179	2
152	180	1
152	181	2
152	182	7
152	183	21
152	184	43
152	189	122
156	157	4
156	158	1
156	161	3
156	162	5
156	163	8
156	167	1
156	168	2
156	170	1
156	179	3
156	181	3
156	183	10
156	184	9
156	189	15
157	158	1
157	159	21
157	160	2
157	161	11
157	162	191
157	163	45
157	164	30
157	167	7
157	168	22
157	169	1
157	170	180
157	172	1
157	175	178
157	178	2
157	179	16
157	180	1
157	181	2
157	182	11
157	183	83
157	184	106
157	185	1
157	189	315
158	159	1
158	161	4
158	162	1
158	163	8
158	167	3
158	168	1
158	170	4
158	175	3
158	179	3
158	183	8
158	184	10
158	189	13
159	161	1
159	162	35
159	163	61
159	168	10
159	170	34
159	175	5
159	179	1
159	181	7
159	182	18
159	183	49
159	184	67
159	189	68
160	162	5
160	164	2
160	167	1
160	168	4
160	175	4
160	183	5
160	184	3
160	189	7
161	162	17
161	163	20
161	164	6
161	165	1
161	167	13
161	168	16
161	169	1
161	170	12
161	172	3
161	175	15
161	179	6
161	180	6
161	181	3
161	182	4
161	183	34
161	184	48
161	185	1
161	189	58
161	195	2
162	163	136
162	164	32
162	167	53
162	168	44
162	169	2
162	170	274
162	175	213
162	178	4
162	179	13
162	180	1
162	181	10
162	182	16
162	183	179
162	184	268
162	185	3
162	189	757
163	164	4
163	167	49
163	168	58
163	170	94
163	175	36
163	179	24
163	180	1
163	181	14
163	182	22
163	183	203
163	184	215
163	185	4
163	189	355
164	167	7
164	168	15
164	170	30
164	172	1
164	175	38
164	179	2
164	180	1
164	182	3
164	183	16
164	184	33
164	189	85
165	168	1
165	169	2
165	170	1
165	172	1
165	175	1
165	180	1
165	181	1
165	182	1
165	183	4
165	184	7
165	189	25
165	195	1
167	168	15
167	170	27
167	172	1
167	175	15
167	180	1
167	181	5
167	182	2
167	183	72
167	184	77
167	189	131
168	170	33
168	172	2
168	175	40
168	178	1
168	179	1
168	180	6
168	181	1
168	182	12
168	183	94
168	184	103
168	185	3
168	189	167
168	195	2
169	170	3
169	175	2
169	179	1
169	184	6
169	189	13
170	175	187
170	178	1
170	179	19
170	180	1
170	181	8
170	182	14
170	183	104
170	184	188
170	185	2
170	189	514
172	175	1
172	180	3
172	183	4
172	184	3
172	189	7
172	195	2
175	178	2
175	179	10
175	180	3
175	181	6
175	182	16
175	183	84
175	184	134
175	185	1
175	189	700
175	195	3
178	179	2
178	182	2
178	183	3
178	184	4
178	189	14
179	181	2
179	182	5
179	183	18
179	184	22
179	185	1
179	189	53
180	183	10
180	184	5
180	189	14
180	195	2
181	183	10
181	184	19
181	189	22
182	183	24
182	184	30
182	189	48
183	184	314
183	185	5
183	189	636
183	195	2
184	185	6
184	189	1021
184	195	1
185	189	5
189	195	6
